17.25778 78.45328
16.34837 81.04604
17.68291 83.23929
15.83371 78.03266
14.77355 78.19346
26.18264 91.75185
24.83034 92.78679
28.413 94.32859
26.12231 85.37801
14.52746 75.78013
30.69931 76.79033
30.75918 75.82749
21.20134 81.33435
21.19716 81.3009
20.27386 72.99673
28.57016 77.16218
28.67957 77.06799
15.2235 73.93143
15.49671 73.8838
31.25404 76.75346
15.54568 73.76472
15.45588 73.80431
15.39835 73.84216
23.02814 72.50161
22.31836 73.17783
12.98919 74.80618
22.31221 70.80345
20.94685 72.91429
20.60856 72.93353
28.48916 77.01074
29.32888 76.28962
28.42668 75.12949
28.64792 76.24378
28.41147 77.30735
15.77101 77.41937
13.36217 77.57465
28.98942 77.01734
24.64461 75.93941
25.59462 87.86775
21.18906 85.1277
23.13139 73.57523
22.61774 76.21413
11.37407 78.07246
26.13795 84.25167
32.57197 75.021
25.37793 82.06769
17.6206 73.39931
23.46827 84.27565
23.79097 86.42896
13.0 77.58333
13.35466 74.79094
11.39788 78.65407
8.60399 76.98574
9.28068 76.86967
9.99361 76.28619
9.59418 76.53217
9.39215 76.58027
10.75987 76.271
9.85 76.96667
9.96687 76.26117
11.1339 75.89401
22.71757 75.86843
20.701 84.47735
23.20253 77.45591
24.6405 77.3141
13.21226 79.63661
18.53507 73.88298
19.06191 72.84054
23.27938 82.34905
20.90214 77.73243
24.6816 93.1544
25.7036 91.9787
23.83788 92.62024
25.75 94.16667
20.27241 85.83385
22.22496 84.86414
20.38218 85.83519
11.91667 79.75
30.91237 75.84787
30.34114 76.37906
30.24379 75.83052
31.6186 74.90878
31.30624 75.63211
31.66 75.85
31.85691 75.22849
13.01644 80.20488
11.32768 77.72593
12.92365 79.12521
8.09008 77.53841
11.9135 78.69176
15.29049 77.99868
26.79451 80.87314
28.66535 77.43915
28.73133 77.77305
26.75931 83.3815
23.58096 88.22612
29.016 77.68694
30.32443 78.03392
29.64495 79.57673
31.97593 76.53541
22.58333 88.35
22.34143 87.32846
22.30887 88.39934
23.25   88.5
